13.008838	1.107088	17.880690
12.583680	3.458573	18.440531
14.227704	4.296678	19.830113
13.797248	3.805845	20.328686
14.933966	6.580197	21.343410
17.060072	5.128112	21.381021
15.132101	3.361076	20.193411
15.379904	6.069743	22.401993
16.752416	5.021692	21.567841
16.590766	7.180060	22.044294
19.047323	4.307883	21.157475
18.719479	2.500588	21.742164
17.872461	5.028217	21.536170
18.585233	4.443448	22.554608
18.615222	3.977706	21.365242
20.167785	3.571825	21.416945
21.386093	1.691698	22.867846
20.312560	1.930995	23.224241
21.022379	1.247223	23.445219
23.489851	-1.405691	23.280015
22.021026	-1.084944	23.219492
21.123070	-1.858979	23.037966
22.112582	-2.027610	23.563542
22.150594	-2.747524	22.602707
21.923736	-3.809517	22.326257
22.644324	-3.617523	21.780281
23.322226	-4.591945	21.496734
21.659424	-4.001272	22.175585
23.410074	-4.991352	21.408066
21.813510	-4.631624	20.036510
20.177908	-5.391139	19.725842
22.466629	-7.302422	18.849905
22.136703	-6.945547	19.883266
21.560564	-3.367403	19.931520
23.031820	-4.242028	20.157437
20.775282	-4.456755	19.766744
20.345328	-3.573869	17.570591
22.389029	-4.245487	17.961439
22.872676	-2.804518	17.906501
19.780327	-2.099678	17.053686
21.335587	-1.467895	16.753806
20.271099	-0.815940	17.881711
20.970611	-1.200383	16.464229
19.674074	-0.122437	16.898753
19.448020	2.811286	16.975807
19.203919	3.549485	15.493466
20.323520	3.147671	14.764438
18.528179	2.344074	12.792448
19.302247	2.297942	13.527435
18.705848	3.367105	11.224277
18.303420	3.002645	14.147297
18.530620	3.902216	11.302684
17.277229	2.373853	12.300024
16.841769	5.031306	10.121601
18.463783	6.332032	9.317689
14.968825	4.999516	9.426142
13.421515	6.641150	8.074607
14.728626	5.521654	8.084309
12.327829	4.517375	6.828973
14.206324	4.875248	6.878891
12.067136	2.682521	6.889880
11.184608	3.929132	6.337874
10.947682	2.881649	4.333822
11.229876	4.386357	4.171215
11.341242	1.098492	2.701853
9.114638	1.079222	3.546672
10.508845	-0.121315	3.563313
8.109063	-0.622385	2.629163
7.200053	0.265531	1.241677
7.137216	-1.648610	-1.156951
5.659912	-3.519238	1.011293
6.810611	-2.216771	0.207713
4.800240	-3.087740	-1.055088
6.178759	-3.479084	-0.562920
5.286372	-4.826946	-2.856450
2.777713	-4.523162	-4.853027
2.127831	-3.247103	-4.667298
1.594151	-5.874369	-3.849098
1.043509	-5.350644	-5.452580
0.800277	-5.624161	-7.554145
1.701076	-4.307114	-7.826693
-0.245253	-3.009984	-8.189615
-2.441387	-2.824505	-6.722549
-1.934695	-4.339306	-9.570244
-4.154752	-3.364437	-9.282485
-5.628115	-2.943937	-10.603382
-3.333195	-3.444247	-10.089624
-7.249898	-1.510143	-10.285558
-5.775684	-0.667844	-10.623371
-5.034158	-1.264974	-12.651803
-5.731113	0.280207	-12.783072
-7.783910	0.742946	-11.561168
-8.381407	2.318706	-14.466673
-7.873585	3.866115	-15.696957
-9.251370	2.573203	-13.732886
-9.873222	3.578040	-16.768851
-9.681398	2.543906	-16.105916
-12.365106	2.556923	-15.566185
-14.031843	5.542599	-16.499666
-14.484757	4.291727	-17.718076
-14.664543	5.367206	-16.684710
-11.673131	4.604284	-18.443255
-14.075578	7.056749	-15.792399
-14.531641	5.682002	-18.524346
-15.321664	4.322394	-18.691233
-15.717192	3.959514	-18.987387
-16.780551	5.055040	-20.440025
-17.339030	5.084965	-18.622281
-18.079245	3.865198	-20.191716
-16.738435	0.763778	-21.694773
-19.049901	3.772477	-21.049309
-18.094284	2.110132	-21.935756
-19.276380	2.160976	-20.717892
-16.905912	1.955052	-21.757099
-17.607039	0.940878	-21.940881
-20.507926	-0.287626	-23.581631
-19.862785	-2.346393	-22.354828
-21.705616	-2.409587	-20.939815
-19.420554	-1.713190	-21.760666
-19.013369	-3.253246	-21.953781
-21.407850	-4.023697	-22.084624
-20.369635	-3.936571	-22.814286
-21.071152	-4.983653	-22.511883
-21.500534	-4.995697	-22.196795
-21.421387	-5.478489	-22.070428
-21.675810	-5.007756	-23.143470
-21.540755	-6.003200	-22.306020
-21.815670	-6.677080	-22.836383
-22.637164	-5.176043	-22.698659
-20.432618	-5.503627	-22.308478
-22.711340	-6.089885	-22.794326
-22.786705	-5.355822	-20.354131
-22.250699	-4.781727	-21.829434
-21.927960	-3.911421	-21.605471
-21.883718	-3.863614	-19.701596
-22.451933	-3.257283	-21.194187
-22.664652	1.117406	-20.384724
-22.295265	-1.857745	-20.763153
-21.416495	0.207350	-19.257312
-22.639540	-0.473010	-19.903104
-21.032450	1.112660	-19.180376
-20.842850	2.193408	-18.456924
-19.168425	3.331785	-19.003767
-22.326826	3.876064	-18.279736
-19.239110	4.865293	-17.923042
-18.588788	4.346855	-17.385955
-18.441957	5.462278	-16.421974
-18.836510	5.122619	-16.053419
-18.822920	6.488365	-16.191940
-16.347785	5.225782	-16.189463
-18.298022	5.243683	-13.727745
-17.567955	5.090619	-14.613465
-18.680903	5.732053	-13.406490
-18.502996	3.254386	-12.905482
-15.974266	4.623311	-13.517613
-16.449822	3.232615	-12.614072
-14.829641	4.151443	-10.842483
-14.515602	1.482904	-11.640448
-15.221551	1.856386	-9.366891
-11.809486	2.197689	-11.390062
-13.945044	1.812297	-10.609104
-13.090183	2.360203	-8.791054
-11.610054	-1.006430	-7.930517
-10.256717	-1.049100	-7.059430
-11.471319	-1.615763	-8.069958
-10.393680	-2.024794	-6.463484
-9.594504	-2.328604	-3.648839
-8.602127	-2.847837	-4.430428
-8.788874	-5.007199	-3.302555
-7.299762	-4.155436	-5.069583
-5.146270	-5.249536	-3.679462
-4.670973	-5.246160	-3.474096
-3.777814	-4.654858	-1.848745
-4.726589	-5.145551	-1.167914
-4.247153	-6.547085	-0.930086
-3.863593	-6.698248	0.657361
-2.574109	-4.131659	0.731408
-2.743471	-4.515055	1.191837
-0.461628	-2.913657	3.140106
-0.756010	-3.794041	3.710604
-0.493992	-4.856204	3.360373
-1.728285	-3.543329	3.365159
0.966214	-3.455557	5.586853
1.344889	-1.408644	7.879605
2.662901	-0.300871	8.356035
3.083532	-0.621271	6.662169
3.469410	-0.113105	9.764855
5.477622	1.541128	8.761675
5.231425	1.721848	11.800807
6.203269	2.845313	10.432308
7.327832	3.460902	10.203138
7.709987	3.302455	12.444212
7.237230	5.353454	10.509651
9.998913	3.625558	12.387806
10.427615	4.303723	12.918834
8.727140	4.480821	13.798919
10.585588	4.842718	13.935121
11.338671	4.999869	12.161836
12.607784	5.163234	14.966624
11.150072	5.371228	14.662055
13.887672	6.083773	18.127029
13.142619	5.764817	16.619554
13.375832	4.952821	15.591852
14.908180	3.691579	17.530417
13.906974	2.410371	18.982002
17.250521	2.725951	18.338102
13.540073	3.613944	18.498029
17.430911	2.558367	20.051920
15.926407	2.958979	18.810379
18.091342	0.909792	19.057794
17.155849	-1.176430	20.611597
19.053475	0.429609	19.348234
17.612300	-1.497796	20.583860
19.699663	-2.979260	20.769256
20.035063	-2.102931	20.192421
20.823952	-3.450203	21.646652
18.176836	-4.696917	19.961198
19.474484	-4.462606	21.380059
19.850128	-4.604035	21.517199
20.926822	-5.096764	23.287083
20.409106	-4.248673	21.838643
20.884467	-5.646044	22.678073
21.800010	-5.258594	22.724908
22.288831	-5.030661	22.039420
19.348777	-5.540761	23.178647
23.186071	-3.295756	22.619926
21.253687	-3.982751	23.890568
21.045265	-3.316915	23.272963
22.506337	-1.977170	22.618176
23.451269	-2.265801	20.709606
23.776689	-2.085081	21.782182
22.924623	-2.854418	21.394474
22.189219	-0.699792	21.102406
21.495786	-1.277606	21.740864
20.945621	0.753917	20.107116
22.255170	1.245881	22.212162
23.188287	2.459089	23.029441
22.314259	0.827623	20.453542
21.037171	3.420691	20.932716
22.558984	4.876960	23.180895
20.654033	4.114545	21.295609
21.778825	3.264600	20.791608
22.588608	5.474508	21.674417
22.391823	4.700782	17.827208
20.195996	4.334866	19.514916
20.414665	1.808510	15.802202
19.614438	6.501319	17.854522
19.877120	4.189001	18.028277
19.051136	4.603544	16.047979
17.109586	3.382228	14.638157
18.981323	5.455005	15.098273
17.848936	3.555319	16.522386
16.170372	4.222144	15.536470
16.199822	1.106725	16.581579
16.235769	2.834605	15.405832
15.979677	1.049955	12.765251
16.531820	1.652231	13.496136
15.180082	-0.917612	11.276734
15.648372	-1.626214	12.187228
14.060062	-3.740583	12.649788
12.983962	0.009054	11.022827
13.634680	-3.472362	10.180469
15.011437	-3.285522	10.589461
9.489074	-2.315349	9.931068
9.193171	-1.830974	10.702455
11.086973	-6.152109	7.929486
11.173689	-5.760820	8.334126
9.575830	-4.142788	8.595647
7.844215	-6.811838	5.892571
6.991557	-3.195012	4.675364
6.501257	-6.024617	4.312742
5.102847	-3.799790	3.885623
5.920512	-5.407194	2.893690
4.283070	-3.499731	3.087417
6.482204	-4.071275	3.199745
3.176987	-4.466040	0.678704
3.429546	-3.540783	1.156193
2.736042	-3.141241	-0.077057
-0.661016	-0.891454	-0.664459
0.413957	-1.618144	-1.236691
-0.070337	-0.543916	-0.393027
-0.739519	-2.150999	-1.516775
-2.907066	1.252395	-3.990348
-2.701442	1.664019	-2.448835
-1.965200	3.047046	-2.854099
-3.152352	1.830062	-4.207602
-3.277906	3.573606	-5.812589
-2.752262	3.084094	-7.683375
-5.017790	4.699560	-7.573476
-5.375106	4.376227	-7.405487
-7.277571	4.219139	-9.502409
-7.389561	4.170124	-9.112721
-7.995561	5.530043	-10.066737
-8.588415	5.566978	-11.312984
-9.571883	6.848949	-9.621296
-9.423559	5.942430	-10.160288
-12.352204	4.075155	-10.489038
-10.527966	3.850938	-11.660319
-12.447111	4.361975	-13.232278
-10.797094	3.493770	-14.353373
-13.274494	1.770963	-13.783040
-14.011763	2.561569	-13.714761
-14.266381	3.177825	-15.427343
-15.282536	0.085101	-16.163492
-16.851872	0.941622	-14.821153
-14.110461	-0.394066	-17.220316
-16.782469	-0.527294	-17.445464
-16.393914	-2.277370	-17.786899
-17.844977	-3.200205	-17.132147
-17.552816	-1.251857	-17.279686
-18.158554	-4.976657	-19.707427
-18.676618	-4.593639	-18.784088
-18.526078	-5.280632	-18.342248
-18.920716	-5.465899	-18.129374
-21.180035	-6.360491	-19.911726
-19.061013	-4.714437	-18.217035
-19.037280	-4.213639	-21.304945
-19.829016	-4.362178	-20.987920
-21.616531	-4.356197	-20.925646
-23.174973	-4.993126	-20.740716
-22.180925	-5.665688	-21.855165
-21.631468	-3.932146	-21.185658
-19.736687	-5.311890	-21.930077
-21.838291	-3.902975	-20.741458
-20.240590	-2.665260	-20.568115
-22.310260	-2.048060	-19.988998
-23.016181	-3.025268	-23.541119
-22.453143	-2.005808	-21.965691
-22.550620	0.439981	-22.421158
-22.375388	0.063944	-23.692091
-23.356880	2.832711	-23.243987
-23.711402	1.231829	-22.289428
-22.381694	1.089115	-22.669563
-23.160321	2.351165	-21.969470
-22.681062	2.674692	-23.635509
-21.514118	4.582692	-23.067245
-21.834107	4.499694	-21.824222
-20.949931	3.971573	-21.036763
-19.122204	3.495764	-22.077017
-21.268159	5.550314	-21.000633
-21.504792	4.416919	-20.730793
-21.303136	5.304680	-20.803545
-20.247122	4.422494	-20.366097
-20.464904	4.977480	-20.334584
-19.024035	3.937338	-20.256988
-19.064887	6.107178	-19.814990
-20.632888	3.384444	-19.137834
-18.156001	3.088769	-20.555391
-20.036618	2.570477	-19.650164
-17.596539	0.643455	-18.080236
-17.972638	1.104468	-18.961011
-17.497460	0.436610	-17.554664
-18.468626	-0.996272	-16.699127
-15.536617	0.671172	-16.460825
-16.030137	-0.537706	-17.181860
-15.638067	-1.986657	-15.297508
-15.319256	-2.270818	-15.589593
-14.813215	-3.390148	-16.085235
-12.696039	-5.396841	-13.622031
-14.104658	-3.532103	-15.123424
-12.588717	-4.714677	-13.702288
-12.715771	-3.985146	-12.000114
-11.612932	-5.987979	-14.427437
-10.711536	-3.621618	-11.540381
-13.072907	-5.675059	-10.443208
-8.054100	-4.218190	-9.523802
-9.564391	-5.021646	-10.594125
-6.843393	-6.127658	-9.888577
-7.792665	-4.618009	-8.477269
-5.927946	-3.514354	-8.886589
-6.341028	-4.359838	-7.691973
-6.831203	-2.834304	-7.623498
-5.247872	-2.850224	-7.103556
-5.759194	-1.111338	-6.801853
-2.948210	-0.639730	-5.850330
-1.996442	-0.887436	-3.856185
-1.194818	-0.461750	-6.312839
-1.356014	1.191831	-2.512928
-2.019838	2.174880	-2.464502
-0.563830	1.398616	-3.097221
-0.212718	2.974060	-1.276059
1.047769	4.874378	-0.459268
0.630941	4.347233	-0.015058
1.421389	4.561685	2.142299
0.688143	4.104571	0.725487
1.785486	3.972721	-0.021337
4.204061	5.688007	3.543659
3.491652	4.722578	4.509983
6.728152	5.608841	3.911336
6.436246	5.572167	5.173502
7.147806	5.080175	6.155908
7.597237	6.468231	7.769823
7.546401	3.990645	6.568133
8.554352	1.931454	7.451358
8.676642	4.215358	6.844924
9.442339	4.083923	8.175334
10.622208	2.842421	9.254593
12.366141	2.934134	11.518032
12.826422	-0.248593	10.537273
13.198078	0.301648	9.112959
13.557820	0.432085	9.272869
13.837156	-1.054793	11.390573
15.986224	-1.434746	12.713793
14.270683	-2.217957	12.702965
14.369968	-4.085767	13.073973
15.051250	-3.075893	16.327445
15.340085	-3.537480	14.813759
16.182411	-5.044710	15.268843
17.585147	-4.517919	15.186478
17.660202	-4.156273	14.742673
17.151684	-4.933579	17.156843
18.480649	-5.488266	16.961343
19.544772	-5.125754	17.267643
19.685550	-4.967969	18.124429
18.858075	-4.647096	15.954828
18.672755	-5.104200	20.368611
21.331202	-5.332865	19.169513
20.477428	-4.788777	19.985715
19.873632	-2.655208	19.784009
19.913464	-1.947545	22.204900
21.323462	-2.698318	20.395896
20.527712	0.341924	20.277979
22.144168	-1.335386	20.895175
22.686373	-1.841015	22.688724
22.295516	0.479676	21.813716
23.587394	0.316082	20.439608
22.170882	1.630916	20.350574
22.680612	0.180394	22.641782
23.671487	2.815514	22.168393
20.978720	4.123040	23.790381
21.210502	4.240920	23.972629
23.388854	4.533018	22.506084
21.906101	3.977817	23.887577
23.892268	6.314761	21.500369
22.872193	4.992380	22.778473
23.640136	3.818703	23.389147
20.955785	6.723251	22.669802
21.380958	7.150123	22.524517
23.856577	5.983313	22.223470
20.668124	5.785506	24.929832
22.770642	7.723226	21.233974
20.836238	4.301905	20.232368
21.412957	3.021971	22.711874
20.034090	3.467943	21.400714
20.398880	3.353344	19.861740
19.103800	2.604040	20.323402
17.568211	1.781028	21.448821
19.049105	0.441354	21.730256
19.171937	-0.194293	18.356636
16.839761	-1.613660	19.902021
16.742094	-2.771572	19.224826
17.935266	-0.760900	19.195646
16.153688	-2.667726	18.415079
17.119659	-4.428898	19.840244
16.350818	-4.161836	19.162532
16.212260	-6.493798	18.050872
14.842734	-5.795095	17.461407
13.644532	-4.514771	17.855071
13.625719	-5.261023	16.421924
11.763566	-5.299477	17.742807
13.270466	-4.865903	15.249461
11.842118	-6.643481	16.794237
12.042930	-5.359343	15.970249
12.729777	-4.452385	12.957562
11.857933	-4.848931	13.402831
9.807470	-6.143166	11.675708
8.361817	-4.833244	12.879496
9.813446	-4.250040	12.408405
8.338246	-3.032655	12.686504
8.632657	-3.136467	10.870842
4.713949	-0.364236	10.041387
7.834531	-0.653385	10.239847
3.480571	2.052684	9.702250
3.266175	1.367249	8.324128
5.710163	2.488301	8.847192
4.170083	2.510593	8.335842
1.567766	2.464786	6.789051
1.939399	4.494734	5.877300
2.113462	5.362281	5.013277
0.100656	4.755790	5.175318
0.837767	4.561403	3.628869
-1.103587	5.473303	5.304445
0.385568	4.971951	3.738961
-2.731050	4.316792	1.517175
-3.627520	4.734073	1.508830
-3.521044	6.155033	-0.434432
-5.996540	4.066546	-0.817926
-5.177649	4.583787	-0.798684
-4.380528	3.838537	-0.162203
-6.968607	4.922667	-0.487404
-8.147377	4.634009	-0.682420
-9.159296	2.271175	-3.211336
-9.050830	1.892117	-4.259502
-6.793068	0.173818	-4.874423
-10.106705	-0.607118	-7.155646
-10.333739	-1.116377	-5.235303
-9.501541	-0.762921	-5.925825
-11.040336	-1.421331	-6.617928
-12.387591	-0.849129	-7.089301
-11.547610	-3.538686	-7.474001
-12.399944	-6.309847	-7.687270
-13.696945	-3.484557	-7.909503
-16.113570	-3.861728	-10.265680
-14.566561	-4.173671	-12.214245
-13.703112	-6.003315	-10.766787
-14.995389	-5.139932	-12.700446
-16.332293	-5.574226	-12.530171
-17.848673	-5.753967	-13.348956
-16.512003	-5.478609	-12.678796
-19.008122	-5.776366	-14.008496
-17.566822	-5.064997	-15.239748
-18.312462	-5.089022	-15.601097
-17.887206	-5.793140	-16.493585
-17.887463	-3.713662	-14.500076
-19.526311	-3.083962	-16.394546
-17.834588	-3.339484	-17.221866
-20.322652	-1.167379	-16.834085
-22.376407	-2.737022	-17.845362
-21.912806	-0.069868	-17.185063
-20.761275	-0.435544	-18.229088
-21.876911	1.639404	-19.453626
-20.710101	3.001958	-19.402997
-20.837282	1.629502	-20.497166
-21.557492	0.065420	-21.014987
-21.919654	2.555539	-20.099628
-23.320843	3.846771	-23.752549
-19.250906	4.332597	-19.461518
-22.631651	4.995413	-20.474525
-21.593495	4.187397	-20.374119
-22.932585	4.644184	-21.791651
-21.936284	5.002259	-23.214172
-22.734161	4.913683	-20.532566
-20.805637	3.661536	-21.826700
-21.305679	5.445186	-22.156201
-21.599478	4.788695	-23.351920
-23.350062	3.642274	-24.368721
-21.447567	6.038038	-22.650337
-22.189099	4.103971	-21.340908
-21.033560	2.109796	-24.529585
-20.688073	2.637037	-21.282445
-21.313633	2.969676	-22.058791
-22.097916	3.315043	-22.325461
-20.049449	-0.156271	-21.139378
-19.854226	-0.434451	-23.924236
-21.065704	0.017117	-23.193929
-19.289568	-1.465424	-22.153623
-18.207447	-3.553934	-20.766003
-19.779347	-4.244844	-20.928375
-18.049496	-4.027735	-22.345501
-19.990300	-4.102329	-19.700929
-15.860138	-4.389990	-21.480642
-17.355638	-3.781168	-21.577015
-17.553179	-5.834886	-20.413679
-16.644493	-4.690557	-18.750624
-14.690848	-7.032256	-21.490521
-14.542181	-5.797115	-19.570135
-14.762876	-5.571917	-19.283103
-14.494902	-3.377921	-20.433866
-12.799280	-6.483206	-19.518544
-13.430480	-4.512934	-19.368021
-11.888626	-4.502324	-17.424603
-11.670829	-5.015715	-16.650490
-10.735273	-2.688569	-14.468447
-10.188327	-1.838481	-16.567550
-10.985740	-2.603294	-15.947329
-10.092536	-0.248248	-13.869247
-9.402383	1.292219	-14.832671
-7.403853	1.563565	-14.471418
-9.646538	-0.482567	-14.052193
-6.904666	1.721226	-14.278664
-6.181772	3.057732	-13.086032
-5.753739	2.179776	-11.856069
-4.578633	4.227922	-11.653117
-4.158334	3.404108	-13.666866
-5.509242	3.013130	-13.037514
-4.196000	4.762807	-10.663809
-3.622063	3.862029	-10.163792
-2.499472	3.131168	-8.000458
-0.827964	4.788014	-8.273084
-0.641991	4.372542	-7.326246
0.395788	3.974494	-6.210355
2.208034	6.069604	-6.650873
0.442427	4.627073	-5.849531
0.320787	4.520984	-3.749828
0.850313	4.115226	-2.776194
3.031790	2.837143	-2.432769
3.202115	3.606060	-2.522608
4.012288	1.808441	-2.070274
4.746587	1.144986	0.486010
7.349608	1.772828	-1.365897
8.454112	0.500702	-1.594590
8.089082	0.241389	0.710717
7.150502	-0.398238	1.339716
6.898206	-2.658089	1.768606
9.508749	-2.380987	4.392387
11.273617	-3.023298	1.773946
11.183772	-5.208069	4.637967
13.295332	-4.904314	4.229576
10.929855	-4.792023	7.005751
11.087501	-5.848884	5.781811
12.115885	-4.679523	6.714381
13.234906	-4.629403	9.128569
12.319717	-3.281300	7.869870
14.569295	-4.800053	7.782899
15.471537	-4.961864	7.905488
14.127260	-3.889691	8.917996
17.098089	-4.265374	9.767997
16.006911	-3.424780	11.270728
18.386847	-3.355208	12.338899
18.222058	-2.600897	11.271889
17.086572	-5.409031	13.791951
19.412643	-1.029049	11.942146
19.197280	-0.616689	14.893613
20.516986	0.470368	13.790213
19.259353	0.471752	13.916968
20.228875	0.134936	14.936021
18.324409	3.726155	16.200002
19.344356	1.609722	17.670459
18.801207	3.462649	18.360651
21.054696	2.295814	16.256975
20.709305	3.725598	15.948404
21.284448	4.867424	17.968152
23.589915	4.931493	17.795227
21.366657	5.377764	18.138169
23.491844	3.044026	18.618264
21.705964	5.116106	20.295428
19.970411	4.608927	20.054442
22.289755	5.121568	21.630510
22.829389	5.849445	20.066116
21.831194	5.557145	21.670757
24.097773	5.207928	21.717664
23.664096	3.997677	21.070767
20.715492	2.785962	21.253275
22.004599	2.980483	23.257280
23.738599	4.098191	20.632371
21.572502	2.285481	22.060681
23.444884	1.501323	23.075689
21.983443	0.920422	21.736747
21.309214	0.643301	22.602174
20.605623	-0.987311	22.435007
21.926172	-0.104771	21.473179
20.041559	-2.159295	23.907161
21.102913	-3.364681	23.030263
22.533082	-3.319645	22.822923
20.731353	-4.901894	22.898526
21.224770	-6.281315	20.431682
19.128103	-4.613646	22.164312
20.023000	-6.153025	23.619378
18.130419	-4.401301	23.467460
16.635324	-5.659328	20.927491
17.663114	-6.462091	21.051651
15.736589	-4.510779	22.115821
16.910386	-5.098585	21.001216
16.555617	-5.794709	22.198185
16.829544	-3.239962	22.899245
14.702442	-2.266036	20.918401
14.663009	-3.787832	20.779045
13.817086	-3.342250	20.263904
13.883057	-2.751425	19.322534
14.392998	-1.466345	18.197827
12.807354	-2.272486	19.428801
14.546823	-1.540494	19.059631
12.611893	-0.326262	17.714155
11.731673	1.487299	17.422288
11.075256	2.857979	18.624417
11.252694	1.838879	17.331003
10.636203	1.203773	16.296956
8.836158	3.925264	16.521190
9.026706	4.164571	16.311309
8.668565	5.708713	15.836674
5.651304	2.712747	13.911596
7.546549	5.009329	14.672990
6.140455	4.820637	12.648555
4.246072	4.865265	13.414370
4.075664	4.591654	13.448989
4.021084	5.891377	13.328775
1.976720	4.830367	10.948309
3.432828	4.683569	9.207870
-0.042484	2.196644	10.464715
1.930299	2.823934	10.634889
0.318986	3.565989	8.552220
-1.260609	2.187948	9.026514
-2.170232	0.853893	7.169314
-2.527432	3.616331	8.047103
-1.562653	-1.335525	8.886934
-3.503206	-0.355197	4.258005
-4.892906	-1.194185	4.016168
-5.959465	1.364052	5.992381
-5.771162	-1.044934	3.642561
-5.224677	-1.041646	3.762976
-7.440157	-3.753225	1.734689
-6.192629	-1.747877	2.766543
-9.719339	-5.275780	2.281398
-9.447932	-4.191741	2.278806
-10.809009	-3.914096	1.576729
-11.169668	-5.144635	-0.737015
-9.866810	-4.717579	-2.129133
-10.157219	-5.486681	-0.347431
-12.781932	-6.157306	-2.303159
-13.945003	-5.294779	-3.419102
-13.094642	-4.670041	-2.987338
-14.393068	-3.684649	-4.704336
-13.762465	-5.346834	-5.443403
-15.803502	-3.637732	-6.239045
-15.877031	-6.052944	-5.558096
-14.652532	-2.859947	-6.984829
-15.669693	-2.947465	-7.609471
-15.550967	-3.406018	-9.076256
-17.082988	-1.359562	-9.693361
-17.152100	0.148942	-9.062607
-18.077811	-0.229260	-11.414885
-18.862526	2.241211	-9.480285
-18.816189	3.444608	-11.415105
-20.663334	2.786816	-12.311457
-20.369681	3.653369	-11.140318
-20.805892	3.954859	-12.160190
-19.553123	4.161434	-13.331529
-20.467541	3.395770	-13.815887
-22.626506	4.949381	-14.017190
-20.328771	3.218274	-14.755529
-21.878616	4.474059	-16.754607
-20.836414	3.718153	-16.732822
-22.856671	5.527501	-16.248406
-22.023770	4.397711	-15.237529
-22.983749	5.587531	-18.001233
-22.059913	3.287927	-16.379494
-22.635657	6.293368	-19.806195
-20.423386	3.852587	-18.223982
-21.956059	4.636732	-20.880905
-22.456848	3.492530	-18.594256
-20.451860	0.953430	-20.493504
-21.316805	0.787277	-21.464517
-23.364914	0.609183	-19.258253
-22.974850	-1.125268	-19.674411
-22.242345	-0.492638	-19.205377
-24.913287	-2.056172	-21.611269
-23.582537	-1.811612	-20.132013
-22.807792	-2.459147	-21.790504
-21.284024	-1.873215	-23.702851
-22.037709	-6.055484	-22.862200
-21.938541	-4.310619	-22.837621
-21.423187	-4.634524	-22.741220
-20.217116	-4.012354	-21.994896
-20.746822	-3.981132	-22.637703
-19.687054	-4.496177	-22.771606
-19.829237	-5.668194	-22.644683
-20.028718	-4.531677	-23.900367
-18.818655	-6.041217	-23.815843
-18.419196	-3.794248	-23.599383
-18.704421	-4.863525	-22.014995
-17.764419	-5.258724	-22.567527
-17.992761	-3.737053	-22.453203
-16.288744	-2.404945	-22.708944
-17.027123	-0.916779	-19.684191
-15.104732	-2.415518	-21.363886
-16.742002	-1.728749	-20.842806
-15.564209	-2.042162	-21.602482
-16.116778	-0.562962	-20.023368
-13.752705	0.358478	-20.987275
-15.002785	2.001846	-22.098384
-13.663957	1.580207	-20.544529
-13.677605	2.763920	-19.156616
-11.502879	1.889985	-20.825175
-10.428316	3.800299	-19.919905
-10.074488	5.896291	-19.895652
-9.448136	6.227578	-19.210762
-8.092733	6.489292	-18.457013
-9.745838	5.889665	-19.721582
-9.078317	4.958840	-16.855525
-7.679625	5.969530	-17.635261
-6.990340	6.179164	-17.483823
-6.518699	4.516232	-15.015683
-4.380343	6.227262	-16.435344
-4.709930	5.696654	-15.701451
-2.852548	4.065767	-14.337975
-5.322535	4.266114	-14.522991
-3.469649	3.356013	-14.327787
-2.945769	0.758978	-14.100854
0.159276	1.686390	-13.740292
-1.916837	2.787857	-13.038789
-0.991576	-0.458260	-12.988638
-0.131132	-0.452455	-10.766424
1.183141	-0.815264	-11.816536
5.597936	-2.974629	-9.301555
3.662194	-1.475657	-9.879215
3.846861	-3.604127	-10.372916
3.515237	-2.854140	-8.487739
4.847058	-4.494065	-7.197490
4.418695	-3.692615	-8.811874
5.549520	-4.674244	-7.888165
7.233764	-5.416837	-3.532569
7.664471	-6.285675	-3.051860
8.085576	-3.768575	-4.388803
7.957931	-4.911843	-3.650653
9.274086	-3.877811	-1.630614
10.593564	-6.468416	-0.894292
11.343033	-4.520057	-0.251777
10.099854	-4.262715	-3.051611
11.831191	-4.865174	0.134842
11.710600	-5.716597	0.738622
14.402684	-4.319993	0.034053
13.686171	-1.491507	2.294311
16.031284	-3.419000	1.356570
13.969584	-0.553589	2.920476
14.186945	0.338880	3.276432
14.771483	-0.839296	2.966626
16.841223	1.255627	4.838072
18.393417	1.943423	5.270036
17.435290	4.966756	6.401150
17.210802	3.292731	6.793767
19.138272	4.671268	8.898293
19.614613	4.199853	8.486250
21.150920	3.577719	10.448183
18.698047	3.867611	7.788676
19.695814	4.731997	10.245179
21.031037	4.512933	10.466362
20.409107	4.266954	11.239893
20.704386	4.935628	10.339233
20.088922	5.561510	11.346019
20.279706	4.896819	11.444088
20.916687	3.992882	14.929141
21.795178	4.753147	14.884335
22.809005	3.633097	15.702243
20.901490	4.733081	15.822668
22.329356	3.618141	14.124379
20.953623	1.759701	15.785439
23.091829	2.344490	17.708380
23.222979	2.210199	15.892555
20.461104	1.053163	17.516219
22.315258	-0.455963	17.967803
21.223095	-0.159415	19.331543
21.386256	-1.808109	19.327771
20.802374	-1.833672	19.841108
23.753719	-4.162806	20.079634
23.564070	-3.114343	22.365462
23.494256	-4.479466	21.726194
21.071239	-3.565218	18.932924
22.278356	-3.283145	21.988426
20.295949	-6.888956	21.536008
24.524510	-4.929385	22.887789
22.740422	-5.557229	21.927421
19.541049	-5.452194	19.883990
20.178586	-5.264643	21.284105
20.646873	-5.318192	22.083315
19.306524	-4.495363	22.167655
21.194909	-3.649144	21.132015
19.765796	-3.729814	22.092558
20.927456	-4.100801	23.624888
17.120715	-4.696866	22.870012
17.990402	-2.153543	23.823765
17.319546	-2.344674	20.548169
19.222731	-1.066620	22.507843
16.130874	1.108285	22.617847
15.800538	-0.066608	24.087601
14.918410	0.092680	21.844315
14.708886	1.272858	23.821665
15.737214	4.535088	23.022141
14.893380	2.664013	21.881489
15.506721	4.288922	22.485239
13.407472	4.237487	21.875761
14.969560	2.414814	20.580785
13.533844	5.695401	19.704597
13.558062	5.396438	20.957779
10.797148	4.864329	21.738190
10.535731	4.957647	21.643309
10.234109	5.890888	19.475320
10.265902	4.287138	20.168171
7.545848	6.030087	20.008884
8.515410	4.447616	19.178926
7.140926	3.935165	20.542495
6.886052	2.988922	19.128392
4.929498	3.656504	17.754907
5.271116	4.429249	19.185833
4.417064	1.965951	16.757404
6.084117	2.143819	17.181550
2.392715	-0.567625	17.913412
1.470082	0.326694	16.475908
1.873126	-0.814393	16.885348
2.778244	-3.905169	13.667010
-0.383567	-0.874882	14.460123
0.327925	-3.178452	15.005420
-0.833233	-1.992073	13.811822
-1.092649	-3.438977	13.660186
-0.837520	-4.141855	11.684050
-2.878307	-3.789456	13.117578
-5.589773	-5.352028	11.006152
-2.843575	-4.788376	10.266319
-5.561958	-4.850043	9.419488
-5.866647	-5.185651	11.176101
-5.272175	-4.700055	9.682944
-7.208330	-4.600326	7.882347
-7.464979	-4.411997	8.008603
-8.426718	-4.796048	9.211789
-10.348455	-5.373160	6.169240
-8.085133	-2.744885	5.785465
-9.738487	-3.498789	5.287639
-9.747271	-2.555640	4.630437
-12.138500	-1.825623	3.618781
-12.148946	-1.290686	3.704091
-9.829348	-0.129369	3.555038
-10.871140	-0.852873	2.777359
-13.151431	0.659947	1.430547
-15.400983	2.122533	0.705027
-13.176522	1.017637	-0.159411
-16.706653	1.971469	-1.812926
-15.470045	2.572462	-0.446747
-18.919954	4.030016	-2.427999
-17.380556	3.478320	-3.870971
-15.426498	5.672874	-4.436782
-16.965936	6.310204	-4.601508
-19.515349	5.415045	-5.012489
-17.592929	3.351472	-3.677703
-20.341243	5.861061	-5.482493
-16.788492	5.708914	-5.656338
-16.937606	5.363578	-7.832439
-19.659837	5.236425	-7.796302
-21.982645	4.865670	-7.753234
-18.049329	3.544016	-8.734615
-19.277105	5.648304	-10.382332
-20.860369	4.391745	-10.756183
-19.713779	1.638553	-10.552368
-20.940758	1.924499	-10.487504
-21.071094	0.871705	-12.761975
-21.596246	0.905015	-12.415227
-21.948102	-0.271613	-13.073487
-21.382588	0.344303	-11.840078
-20.115403	-1.943562	-14.533427
-20.430293	-2.180677	-14.221134
-22.183407	-1.572841	-14.454415
-22.340268	-3.013729	-16.461404
-21.608944	-4.734655	-15.457598
-21.262888	-6.224327	-17.323856
-21.759584	-6.378890	-16.213103
-22.483441	-4.609575	-17.102759
-22.556578	-4.908029	-19.642970
-19.954030	-6.178438	-17.716560
-21.144293	-4.198067	-19.078007
-22.442460	-5.436849	-19.719735
-22.903017	-6.458617	-19.089130
-21.355663	-5.051920	-19.949731
-21.414364	-5.320684	-20.575395
-20.701768	-3.578064	-20.834525
-18.636149	-3.073302	-19.230316
-21.185762	-2.465717	-20.862628
-21.001779	-2.386804	-21.053319
-20.260239	-2.154704	-21.388215
-18.993304	0.203733	-22.664062
-17.909985	-0.558139	-22.174707
-17.605744	-0.105168	-22.697622
-19.828224	3.637704	-23.015070
-18.349902	0.068029	-21.177482
-17.003969	2.326285	-23.065612
-17.916009	0.520521	-22.012301
-17.640389	3.686867	-21.641492
-14.591025	2.700138	-21.044395
-14.835475	4.740928	-23.584561
-12.749932	4.944042	-22.611740
-16.716568	5.397765	-23.513126
-13.610329	5.358360	-22.950116
-14.031347	4.420075	-25.443108
-12.918492	5.079085	-22.022367
-12.768784	6.215583	-22.645116
-12.646971	6.563217	-21.123843
-11.571324	4.927188	-19.824643
-9.931083	5.752610	-22.680867
-9.178514	2.861720	-20.302972
-9.500614	3.669623	-20.887207
-9.222679	3.265755	-22.035926
-6.655572	2.456370	-20.121602
-7.514882	2.149878	-20.717423
-6.794922	0.514347	-19.220923
-4.161870	0.247494	-20.148229
-5.016946	-0.951408	-19.377948
-5.153475	-0.746573	-18.584861
-4.357913	-0.677569	-20.276103
-4.286273	-3.443688	-17.617842
-2.667335	-3.334455	-17.253530
-1.493714	-2.618142	-16.545153
-1.921282	-4.423004	-17.351767
-1.094642	-5.967535	-16.732345
1.364149	-6.606424	-18.585791
-0.478257	-4.694941	-15.984099
1.077068	-4.106968	-15.890128
3.801497	-5.263997	-16.442997
3.271650	-4.784916	-15.403437
1.893969	-3.611791	-13.155058
2.386858	-5.613841	-14.436964
4.942415	-6.120292	-11.826734
3.977128	-2.427519	-11.402983
5.355618	-4.189325	-11.558898
5.097533	-3.465542	-10.360926
9.677265	-2.398519	-9.729641
8.380867	-1.962417	-10.305092
10.441357	-3.198984	-9.049504
11.555940	-0.170139	-8.369633
9.290437	-1.888492	-6.990749
11.406966	1.651979	-7.457155
9.996615	0.836854	-5.691226
13.172390	1.081435	-7.096810
11.815849	2.973177	-5.267420
13.469825	2.362956	-6.980722
15.150802	2.980503	-4.659954
14.722277	2.464736	-2.207799
14.360598	3.925176	-0.900280
16.223782	5.159363	-4.055805
14.495614	3.615480	-1.649222
14.095837	7.517683	-2.243153
16.502888	4.278024	1.769518
16.121422	6.190248	2.058965
17.180833	5.982119	1.813779
18.925091	5.751952	1.441966
17.728325	3.306951	3.829725
19.166890	4.801305	3.069352
19.122333	3.771709	3.919156
21.116272	3.365336	5.328246
21.511524	2.097470	5.603546
19.858448	1.399336	5.001064
20.035331	2.349450	7.124822
21.410534	1.911348	8.693819
22.163477	0.168380	8.421760
20.638601	-0.995132	9.294441
21.465050	0.284111	8.435070
20.211163	-1.287800	10.133591
20.740246	-2.188873	12.626792
22.283515	-2.884167	10.179967
20.904114	-5.027077	12.524197
21.478291	-6.574147	12.618803
23.072269	-5.709808	15.107419
22.472078	-6.247871	12.360225
19.438170	-4.202420	13.818462
23.463687	-6.097419	16.162788
22.905875	-5.890665	13.740260
21.442779	-5.027878	15.667301
22.743945	-6.226093	16.167893
21.949838	-6.055305	15.453879
21.890744	-2.313470	17.748818
20.548025	-3.939825	15.685082
21.164935	-2.882477	17.601984
21.670083	-2.513945	17.313495
19.965841	-3.392146	18.445939
20.477311	-2.628572	17.012578
22.640751	-2.420285	19.509352
19.335002	1.056254	19.143484
19.487519	-0.382842	19.996247
20.550826	1.536694	20.875046
17.862911	1.602600	21.045134
20.372617	2.268210	20.732465
18.493421	2.830619	21.705257
18.819004	3.093351	19.959435
19.597421	3.949902	21.136365
17.258251	6.797334	21.525006
17.860763	3.832685	20.769056
18.086279	4.462703	23.168739
17.892468	6.407319	23.776958
14.722729	7.307748	21.037528
14.649428	4.685213	23.046233
15.481606	4.672666	22.983536
13.335159	6.882429	22.370876
13.469352	5.533430	21.999511
11.261500	3.621594	23.372108
12.468949	4.195223	22.464821
13.097946	4.842995	21.779738
12.345998	1.730039	23.542573
11.139528	2.229962	22.279027
12.221686	2.658194	22.885282
8.813299	2.844749	21.147298
9.514997	-1.274228	23.158513
8.372684	0.228546	21.302982
10.093154	-1.676823	21.045566
8.935212	-1.610567	20.652725
5.583177	-2.821445	20.288032
6.516227	-2.851337	20.527568
6.053746	-4.205780	21.875406
5.004268	-1.680773	21.197688
6.383468	-5.662068	19.412028
3.704733	-5.564356	20.516851
4.472333	-4.183987	17.152881
2.135275	-5.548829	19.365820
1.858083	-7.396156	17.256009
1.856332	-5.417690	18.090995
1.467955	-4.376436	18.625305
-2.122017	-4.755737	17.156103
-0.260850	-4.881504	15.809695
-1.166398	-4.874137	16.960453
-1.843897	-4.801121	16.972363
-2.445691	-1.107224	15.665270
-3.878125	-2.332055	14.776150
-4.572722	-2.307146	15.399581
-6.004190	-2.250750	16.036757
-6.131381	-1.271175	13.845134
-7.087073	0.207851	13.611804
-7.705805	-0.451662	12.082169
-7.958400	1.999201	9.893772
-9.086264	2.710501	11.186160
-10.212799	4.016704	12.581831
-7.998129	2.881325	9.562878
-10.900275	3.626576	10.438475
-11.295155	3.091060	9.565019
-10.716768	4.770961	9.071916
-10.731835	5.179130	7.895964
-13.633636	6.786722	8.068957
-11.436964	4.427371	7.547725
-12.937154	5.419466	4.868816
-14.612603	6.108640	3.318988
-15.888670	4.873868	5.898180
-14.676444	4.339885	3.843638
-15.455738	4.271813	3.557068
-16.351491	5.400991	3.239807
-18.323524	3.777418	3.330126
-17.639971	2.985345	2.817804
-17.337866	1.869652	-0.182604
-19.696821	1.113498	1.848277
-17.445904	1.403798	-2.189256
-19.232202	0.731576	-3.029903
-20.716590	1.046350	-2.230690
-19.898021	-0.850263	-1.587367
-20.983017	-1.750486	-3.233938
-19.912366	-1.249983	-4.273237
-21.692527	-1.707036	-6.369161
-21.610084	-4.254222	-5.495951
-21.793979	-5.063394	-5.013781
-22.149375	-2.781274	-6.256857
-21.553794	-4.562965	-7.684638
-21.767837	-7.196540	-7.644361
-21.546910	-4.638459	-10.393902
-20.467749	-2.976281	-10.343747
-21.993864	-2.627567	-8.069213
-20.910258	-5.002410	-10.688122
-21.756521	-7.004665	-10.847114
-23.131234	-4.283068	-10.252869
-22.476495	-3.783884	-12.024092
-21.655596	-3.888096	-11.797391
-21.390675	-3.963769	-12.897889
-21.920358	-1.679722	-13.498104
-21.742820	-1.814238	-14.268344
-22.900354	-1.525569	-15.378842
-21.584739	-1.434645	-15.763237
-21.654969	-0.978965	-15.101455
-22.290708	0.819882	-16.642329
-21.050232	-1.122163	-17.208377
-21.552599	-1.022748	-17.939629
-20.302328	2.970581	-16.029661
-20.448038	3.336941	-17.607058
-21.794170	3.621127	-18.940084
-19.706282	4.160102	-17.177584
-20.054875	4.858998	-19.568284
-17.884403	5.187224	-19.764624
-20.416150	4.236459	-19.652916
-19.730303	3.900775	-19.895949
-17.040454	4.091482	-20.946737
-17.954059	4.784330	-19.944574
-17.605856	4.692434	-18.182429
-17.762970	6.102539	-22.944514
-16.062246	5.220408	-21.199921
-16.483231	3.089632	-21.048280
-17.134878	3.787222	-23.216390
-15.951128	2.656420	-22.024534
-13.500757	4.412458	-23.421246
-14.178144	2.054567	-23.001600
-13.816793	0.736523	-23.378518
-14.201985	1.307216	-22.631574
-12.847586	-0.649385	-22.474170
-10.960288	0.085775	-21.957833
-10.849602	-1.732990	-21.726813
-9.980894	-1.988495	-21.516515
-10.360719	-3.226880	-21.182838
-9.501131	-1.337235	-23.931506
-10.070366	-3.404943	-22.241115
-8.830446	-3.424763	-21.703695
-5.770367	-3.668473	-21.878091
-6.729240	-5.918718	-21.255839
-6.418637	-5.030441	-20.910513
-7.038545	-5.293002	-21.048844
-5.635358	-5.033093	-22.567840
-4.505430	-5.459646	-20.128363
-3.457380	-4.185840	-21.786364
-3.035730	-3.502411	-19.830773
-2.428715	-4.395725	-21.314477
-0.630560	-4.484427	-21.738586
-1.407481	-4.106714	-19.598739
-0.484051	-4.260372	-18.290802
0.653801	-3.450033	-20.512404
1.667856	-2.393960	-19.476219
2.416319	-1.241152	-17.911195
2.838402	-3.671480	-18.052835
3.202214	0.879907	-17.363526
5.642268	0.437271	-16.004689
5.450410	1.304084	-15.569071
2.599392	1.980201	-17.853290
6.657213	0.647746	-15.725244
5.826529	2.752944	-17.468078
5.163279	5.237207	-14.772307
8.570883	3.564839	-15.204340
8.415224	4.719266	-13.673660
8.270436	4.959350	-12.511000
10.770353	3.984261	-11.989759
11.683895	5.308126	-13.766181
10.381799	4.356430	-13.027159
11.580607	5.202334	-13.229862
12.133316	5.278085	-10.648188
