  7.2600000e+000  2.7080000e+001
  6.9000000e+000  2.5780000e+001
  5.7800000e+000  2.3600000e+001
  1.1740000e+001  2.4960000e+001
  9.4400000e+000  2.4540000e+001
  8.8000000e+000  2.3160000e+001
  8.9800000e+000  2.2460000e+001
  8.7800000e+000  2.3440000e+001
  9.0800000e+000  2.2100000e+001
  8.4600000e+000  2.1900000e+001
  7.8200000e+000  2.4420000e+001
  7.0000000e+000  2.4940000e+001
  9.7600000e+000  2.2800000e+001
  9.3000000e+000  2.3000000e+001
  7.9600000e+000  2.3360000e+001
  1.0980000e+001  2.3440000e+001
  9.0200000e+000  2.3260000e+001
  8.3800000e+000  2.4460000e+001
  8.6400000e+000  2.4740000e+001
  8.2600000e+000  2.4180000e+001
  4.9400000e+000  2.4680000e+001
  4.6800000e+000  2.1260000e+001
  6.6600000e+000  2.2560000e+001
  7.1400000e+000  2.4440000e+001
  7.7800000e+000  2.3380000e+001
  6.8600000e+000  2.2380000e+001
  6.6800000e+000  2.5440000e+001
  6.8400000e+000  2.5680000e+001
  4.8800000e+000  2.1560000e+001
  6.8200000e+000  2.4860000e+001
  6.6200000e+000  2.3680000e+001
  5.9400000e+000  2.6220000e+001
  6.2200000e+000  2.4220000e+001
  4.7400000e+000  2.6720000e+001
  9.1600000e+000  2.4940000e+001
  7.7000000e+000  2.5700000e+001
  7.1200000e+000  2.6620000e+001
