  3.6300000e+000  1.3540000e+001
  3.4500000e+000  1.2890000e+001
  2.8900000e+000  1.1800000e+001
  5.8700000e+000  1.2480000e+001
  4.7200000e+000  1.2270000e+001
  4.4000000e+000  1.1580000e+001
  4.4900000e+000  1.1230000e+001
  4.3900000e+000  1.1720000e+001
  4.5400000e+000  1.1050000e+001
  4.2300000e+000  1.0950000e+001
  3.9100000e+000  1.2210000e+001
  3.5000000e+000  1.2470000e+001
  4.8800000e+000  1.1400000e+001
  4.6500000e+000  1.1500000e+001
  3.9800000e+000  1.1680000e+001
  5.4900000e+000  1.1720000e+001
  4.5100000e+000  1.1630000e+001
  4.1900000e+000  1.2230000e+001
  4.3200000e+000  1.2370000e+001
  4.1300000e+000  1.2090000e+001
  2.4700000e+000  1.2340000e+001
  2.3400000e+000  1.0630000e+001
  3.3300000e+000  1.1280000e+001
  3.5700000e+000  1.2220000e+001
  3.8900000e+000  1.1690000e+001
  3.4300000e+000  1.1190000e+001
  3.3400000e+000  1.2720000e+001
  3.4200000e+000  1.2840000e+001
  2.4400000e+000  1.0780000e+001
  3.4100000e+000  1.2430000e+001
  3.3100000e+000  1.1840000e+001
  2.9700000e+000  1.3110000e+001
  3.1100000e+000  1.2110000e+001
  2.3700000e+000  1.3360000e+001
  4.5800000e+000  1.2470000e+001
  3.8500000e+000  1.2850000e+001
  3.5600000e+000  1.3310000e+001
