1507.126587
1506.802124
1506.245483
1506.401611
1506.120972
1506.153931
1506.108521
1506.095581
1506.094482
1505.822266
1505.63147
1505.905762
1506.439331
1505.872559
1506.087402
1506.407227
1506.209106
1506.109497
1506.052368
1506.345459
1506.288574
1506.385376
1506.389771
1506.625
1506.432617
1506.876709
1507.088013
1507.852295
1508.058594
1507.75769
1507.901367
1508.373535
1509.345703
1509.183716
1509.589844
1509.286621
1509.737183
1510.34021
1510.609741
1510.894165
1511.056396
1511.435059
1511.346069
1511.066162
1511.422729
1511.596191
1511.651733
1511.405273
1511.326416
1511.237671
1511.265381
1510.696899
1511.106567
1510.80542
1510.724854
1511.257568
1510.23584
1510.845459
1510.78064
1510.888794
1510.812378
1510.853394
1510.802612
1510.845093
1510.831909
1511.240967
1511.066528
1511.652222
1511.687988
1511.821899
1511.900269
1512.053345
1512.014404
1512.291748
1512.030151
1512.210205
1511.345581
1511.496582
1510.651367
1510.838623
1510.311401
1510.149414
1509.743164
1509.431519
1509.761353
1509.835693
1509.37854
1509.34436
1509.750488
1510.651245
1510.790894
1510.582886
1511.126465
1511.199829
1510.527954
1510.345093
1509.98645
1509.025513
1508.177979
1507.34436
1506.963135
1505.48291
1503.296753
1503.125366
1502.673584
1502.413452
1501.011108
1500.942505
1501.519165
1501.87915
1502.520142
1500.824341
1500.903198
1500.243896
1501.308594
1501.135742
1501.364502
1502.001221
1502.284424
1503.079956
1501.489014
1501.657715
1502.215698
1502.035034
1501.539673
1501.536499
1500.77478
1499.80249
1499.985596
1499.808105
1498.618774
1496.963989
1495.813965
1494.485718
1494.143555
1493.915771
1492.773926
1491.921875
1490.394531
1490.004761
1488.90564
1487.272583
1485.212524
1485.461548
1484.73999
1484.215698
1484.106445
1483.255737
1482.974365
1482.649536
1483.21582
1482.41748
1483.466553
1483.785522
1482.888794
1482.718994
1486.003296
1486.492065
1487.734741
1488.894775
1489.766602
1491.817749
1492.743286
1494.036987
1497.292725
1497.049194
1498.955078
1499.82959
1499.684692
1502.258057
1502.393921
1502.086182
1501.860474
1502.905151
1503.091187
1504.722046
1505.529907
1504.733521
1505.394165
1505.949585
1505.36853
1505.706787
1504.841553
1504.671265
1504.910767
1504.575928
1504.876831
1503.031494
1502.132568
1501.419067
1500.331421
1500.059937
1498.440796
1497.14209
1495.02832
1493.167603
1491.408691
1489.819946
1489.13501
1487.342651
1485.726563
1483.448364
1481.355347
1479.731323
1478.270264
1476.984497
1475.595215
1475.587891
1472.936279
1472.095581
1471.570068
1471.12854
1470.770996
1469.537598
1469.027588
1468.967285
1471.100464
1471.495239
1470.783569
1473.473999
1475.450928
1476.242188
1478.028442
1479.066284
1479.780151
1480.917847
1481.289795
1482.335938
1483.070313
1484.611572
1485.607788
1486.188721
1487.275635
1488.227417
1490.436646
1491.611328
1491.999512
1492.639038
1492.786743
1492.849609
1493.090698
1492.455078
1492.041748
1491.059204
1490.883911
1489.994629
1489.296997
1488.862183
1487.190918
1485.472046
1483.790527
1482.787964
1482.68396
1480.595337
1478.887451
1478.018799
1477.290283
1475.907227
1474.348267
1472.373901
1471.458496
1469.921509
1469.71814
1467.321533
1465.7229
1466.279297
1463.741455
1463.309326
1462.409058
1460.480835
1463.471191
1463.539795
1462.412476
1463.348267
1463.773071
1464.829102
1467.455933
1468.483154
1469.344116
1469.67688
1469.369751
1470.523315
1472.694214
1473.588501
1474.432251
1475.557861
1476.010986
1477.455933
1480.507568
1485.967407
1488.067993
1489.73938
1489.966797
1490.810059
1490.71582
1495.523804
1497.448608
1496.480713
1496.844727
