1481.190063
1481.089722
1481.003784
1480.905151
1480.674316
1480.233032
1480.416504
1480.55896
1480.808105
1480.814819
1480.828125
1481.172363
1481.606323
1481.614014
1481.7229
1481.865967
1482.200806
1482.176025
1481.612183
1481.482178
1481.578735
1481.807861
1481.831055
1481.829834
1481.097656
1481.372437
1480.956055
1480.580444
1480.724243
1480.413452
1480.855347
1481.443237
1482.127563
1482.088379
1482.493652
1482.31543
1482.506226
1482.462158
1482.291626
1482.366943
1481.657227
1481.620117
1481.484985
1481.198608
1481.03894
1480.756958
1480.474121
1480.439575
1480.489014
1480.45813
1480.450317
1480.688721
1480.923218
1480.726074
1480.891968
1481.44873
1481.408203
1481.571777
1481.605591
1482.234009
1482.433594
1482.630249
1482.616699
1482.732666
1483.182739
1483.010254
1483.119385
1483.23584
1483.221313
1483.344238
1483.235229
1483.412842
1483.08728
1482.921631
1483.040161
1482.681519
1482.134766
1482.17627
1481.932617
1481.886353
1481.561523
1481.286133
1481.121338
1481.032104
1481.73584
1481.649536
1481.422852
1481.374878
1481.917969
1481.614136
1481.819214
1481.784302
1481.831787
1481.772827
1481.891724
1481.967773
1482.028564
1481.964233
1482.06665
1482.120483
1482.445557
1482.562378
1482.980957
1483.142944
1483.032837
1483.14856
1483.291992
1483.317261
1483.459717
1483.645386
1483.440552
1483.789307
1483.749512
1483.779663
1483.849976
1483.852173
1484.06897
1483.882568
1483.979248
1484.055908
1484.251831
1484.23877
1484.329102
1484.464478
1484.385864
1484.212402
1485.129028
1485.127075
1484.754028
1484.72522
1485.107788
1485.178223
1485.325562
1485.251831
1485.557373
1485.811768
1485.547974
1485.495483
1486.052856
1485.901123
1486.11853
1486.429321
1486.445923
1486.376099
1485.673462
1484.939087
1483.831787
1483.770996
1483.27002
1482.626831
1482.270508
1482.049316
1482.413818
1481.876099
1482.172607
1482.675049
1482.171021
1482.197998
1481.55835
1481.613159
1481.477539
1480.863281
1480.834473
1480.572754
1480.663818
1479.335938
1478.834229
1479.313477
1479.356812
1478.547119
1478.627319
1478.776611
1479.237793
1479.294189
1479.632568
1480.06311
1479.826904
1478.98938
1478.356323
1478.367065
1477.77356
1477.867676
1479.19873
1479.365479
1479.418579
1478.801147
1477.649658
1476.957764
1476.556885
1476.348267
1476.425537
1475.994141
1475.564453
1474.458374
1474.233765
1472.935669
1472.687866
1471.098999
1469.383301
1468.713013
1467.526978
1465.546509
1465.500366
1463.48999
1463.095337
1460.751465
1460.543335
1459.154419
1458.813599
1457.251465
1455.335815
1454.267822
1454.335327
1453.580322
1453.952515
1451.725708
1451.825928
1449.914673
1451.237305
1450.376709
1450.894287
1451.581909
1450.974243
1453.94104
1454.789429
1456.553223
1457.911987
1460.082397
1461.501709
1463.754883
1465.186768
1466.936646
1466.694946
1467.668579
1468.143799
1468.570068
1471.267822
1469.615967
1472.4729
1472.126099
1472.724487
1474.878296
1475.742065
1476.689331
1475.877197
1477.843628
1476.063599
1477.348145
1475.814941
1475.740845
1475.035034
1475.185791
1474.859741
1474.598999
1473.362183
1472.628296
1471.923828
1470.22937
1469.566772
1468.509155
1467.317139
1468.835327
1466.508789
1465.665771
1464.245972
1462.308838
1461.157227
1459.790039
1458.242188
1457.148926
1455.95752
1455.453613
1453.147095
1453.267212
1452.088135
1451.979004
1450.709351
1450.342285
1450.466553
1451.483521
1450.927002
1452.30481
1454.253296
1454.972656
1458.270874
1462.318359
1463.674927
1465.707153
1467.442993
1469.034546
1470.047363
1471.716431
1473.655029
1473.655884
1474.261963
1475.566406
1475.750854
1475.661499
1476.325439
1476.712891
