1489.460327
1490.111206
1489.268677
1489.50354
1489.165527
1489.197876
1488.986084
1488.849609
1488.454468
1488.92688
1489.005737
1488.947632
1489.030884
1489.015259
1489.209229
1489.434448
1490.394653
1489.679565
1489.898193
1489.835938
1490.789673
1490.820313
1490.995483
1490.386108
1490.653564
1490.420532
1490.286377
1490.441406
1490.737915
1490.453003
1490.474243
1490.56543
1490.451294
1490.407349
1490.234497
1490.30481
1490.096802
1489.948975
1489.950562
1490.432739
1490.39502
1490.49585
1490.666626
1490.562378
1490.523071
1490.480347
1490.759888
1490.420776
1490.444702
1490.529419
1490.594604
1490.752686
1490.756226
1490.897827
1491.340454
1491.300171
1491.151489
1491.150146
1491.030518
1491.124756
1491.163818
1490.809814
1490.829956
1490.730713
1490.804565
1490.795288
1490.728516
1491.140991
1490.754028
1490.865112
1491.279663
1491.196167
1491.256836
1491.662476
1491.974609
1491.977661
1491.840698
1492.075073
1491.930054
1491.963135
1492.057373
1491.951172
1492.005371
1492.054688
1491.783569
1491.335205
1491.216309
1491.224121
1491.187378
1491.189941
1491.139282
1490.945557
1490.883789
1490.364014
1490.639038
1490.351685
1490.18811
1490.248779
1490.264038
1490.271362
1490.464478
1490.382935
1490.157715
1490.429077
1490.233398
1490.146851
1490.276978
1490.210083
1490.132568
1490.202393
1490.581055
1490.579834
1490.859619
1490.782104
1491.217896
1491.690918
1491.58606
1491.652954
1491.734009
1491.492676
1491.901489
1492.010864
1492.022095
1492.296387
1492.407959
1492.623657
1492.708252
1493.072632
1493.609863
1493.753174
1494.084229
1494.290894
1494.413696
1494.141968
1493.815552
1493.942627
1493.821899
1493.292358
1493.5177
1493.202515
1493.099854
1493.612549
1494.018555
1495.655029
1495.333374
1495.104614
1495.447876
1495.540039
1495.171143
1494.332031
1493.644531
1492.984253
1492.697021
1491.231079
1491.164795
1490.553467
1489.858643
1489.001221
1488.783691
1488.482666
1487.745483
1486.206787
1486.452271
1486.811035
1487.89856
1487.341797
1486.039795
1486.426147
1486.331421
1486.2677
1486.759521
1485.985596
1486.016724
1484.972778
1485.188599
1484.2771
1485.11438
1482.986938
1482.797729
1481.534668
1480.118164
1479.620361
1478.937744
1478.903076
1476.767944
1476.587036
1475.143066
1474.273804
1474.167236
1473.524414
1472.824951
1473.258057
1474.680176
1474.602051
1473.936157
1475.116577
1473.607056
1475.301636
1477.625
1476.980347
1476.423706
1479.804443
1480.209961
1481.063599
1482.491821
1484.885254
1485.169922
1486.937256
1488.258911
1489.314941
1490.813354
1489.895508
1489.755249
1493.055054
1493.614624
1493.816528
1494.997192
1494.459351
1494.130371
1494.533325
1497.778442
1497.24939
1497.582153
1496.824219
1498.53418
1497.804199
1497.660278
1498.268555
1498.928711
1498.066895
1496.686279
1496.191895
1496.109375
1495.127686
1493.984253
1494.280151
1493.590332
1492.597534
1491.976196
1490.08728
1488.192627
1488.308228
1486.204468
1484.474487
1482.487671
1480.239624
1479.559082
1477.366211
1476.560791
1474.957031
1473.093628
1471.417847
1470.034424
1468.359863
1469.910522
1470.246704
1468.559448
1468.403198
1469.896118
1468.483398
1468.874023
1469.536865
1470.174316
1470.622681
1472.131836
1473.230591
1475.805054
1477.396606
1479.952881
1481.169678
1483.051758
1484.959351
1485.653809
1486.316895
1487.975708
1486.712158
1487.516846
1487.543457
1487.693359
1488.111694
1487.700928
1489.779663
1489.022949
1488.187988
1488.779907
1489.16687
1489.145752
1488.714966
1488.707397
1488.896484
1487.784302
1488.068481
1488.553345
1486.916504
1486.961182
1486.431519
1485.442749
1485.122559
1485.588745
